4 2
0 1 3 0
4 0 0 0
0 0 0 3
0 4 2 0
0

6 3 
0 3 0 0 0 0
6 0 0 5 0 1
0 1 0 0 0 3
3 0 0 0 5 0
4 0 2 0 0 6
0 0 0 0 2 0
0

9 3
0 2 0 5 0 0 0 0 9
0 0 0 2 0 8 0 0 7
0 9 0 0 0 0 2 3 0
0 0 0 9 0 5 8 0 0
0 0 6 8 0 3 1 0 0
0 0 5 6 0 7 0 0 0
0 1 9 0 0 0 0 4 0
3 0 0 4 0 6 0 0 0
2 0 0 0 0 9 0 5 0
0

4 2
0 3 4 0
4 0 0 2
1 0 0 3
0 2 1 0
0

4 2
2 0 0 0
0 0 3 0
0 4 0 0
0 0 0 1
0

6 3
5 0 0 0 0 1
0 1 0 0 5 0
0 0 4 3 0 0
0 0 2 5 0 0
0 6 0 0 4 0
2 0 0 0 0 5
0

6 2
0 5 0 0 4 0
4 0 0 5 0 2
0 6 0 0 0 0
0 0 0 0 5 0
3 0 5 0 0 4
0 2 0 0 3 0
0

8 4
1 8 0 3 5 0 2 4
0 0 6 0 0 7 0 0
0 0 0 0 0 0 0 0
0 3 5 4 2 1 7 0
7 0 8 2 1 4 0 3
0 5 0 0 0 0 6 0
0 0 2 7 8 3 0 0
0 1 0 0 0 0 4 0
0

12 4
0 0 3 4 A 8 0 0 0 2 0 0
0 0 0 1 0 0 0 0 0 0 0 4
0 8 0 0 0 4 3 0 5 0 0 0
0 0 0 0 8 0 0 9 0 0 0 A
8 0 0 C 7 0 4 0 9 6 0 3
A 1 9 3 B 6 0 0 0 0 C 0
0 3 0 0 0 0 6 4 2 A 5 B
1 0 4 2 0 A 0 5 3 0 0 8
C 0 0 0 3 0 0 7 0 0 0 0
0 0 0 5 0 7 9 0 0 0 A 0
3 0 0 0 0 0 0 0 6 0 0 0
0 0 C 0 0 0 2 8 4 B 0 0
0
