16 4
0 0 0 F A 0 0 4 6 0 0 5 2 0 0 0
0 0 A 4 G 0 0 0 0 0 0 F 1 B 0 0
0 G 3 2 6 0 B 0 0 1 0 A C D 5 0
8 1 9 5 0 0 0 D B 0 0 0 3 6 4 A
G 2 4 0 5 B 9 0 0 D 7 6 0 8 A E
0 0 0 0 7 0 G 0 0 4 0 8 0 0 0 0
0 0 1 0 D C 0 6 3 0 F B 0 5 0 0
5 0 0 B 0 0 F 0 0 G 0 0 6 0 0 D
B 0 0 D 0 0 6 0 0 2 0 0 8 0 0 4
0 0 8 0 4 G 0 9 F 0 B D 0 3 0 0
0 0 0 0 C 0 3 0 0 9 0 1 0 0 0 0
F 6 5 0 2 8 D 0 0 A C 4 0 1 9 B
3 7 E 9 0 0 0 1 C 0 0 0 A 2 F 8
0 A F 8 E 0 2 0 0 B 0 9 4 7 D 0
0 0 6 G 9 0 0 0 0 0 0 3 5 E 0 0
0 0 0 1 3 0 0 7 E 0 0 2 9 0 0 0
0